412	1
0.0363924	
0.0421171	
0.0220937	
0.0216548	
0.0213352	
0.0248415	
0.0271434	
0.0296618	
0.0279737	
0.0273909	
0.0263636	
0.0256963	
0.064625	
0.0651632	
0.0656069	
0.0626654
0.0633436
0.0684425
0.0686915
0.0674279
0.0795419
0.0794194
0.0789951
0.0768234
0.0717174
0.0987166
0.0980644
0.0966711
0.0951111
0.0651159
0.086211
0.0839998
0.0821857
0.0799546
0.0754708
0.0780643
0.0758065
0.0735376
0.0712576
0.064128
0.0975019
0.0953072
0.0931017
0.0908855
0.0880631
0.0974345
0.0952336
0.093022
0.0913267
0.0495221
0.0807139
0.0783292
0.0759321
0.0735225
0.0708327
0.072041
0.0702022
0.0677569
0.0652988
0.0623175
0.0699594
0.0675021
0.0650317
0.0625482
0.0594456
0.057474
0.0549486
0.0524097
0.0498571
0.0383327
0.159996
0.157877
0.155748
0.153607
0.151456
0.151803
0.14964
0.147467
0.145283
0.137348
0.139715
0.137485
0.135243
0.132989
0.130724
0.133345
0.13108
0.128803
0.126515
0.0910434
0.23508
0.233213
0.231336
0.22945
0.227555
0.22565
0.223736
0.221813
0.21988
0.217937
0.236448
0.234581
0.232705
0.230819
0.213224
0.211233
0.209231
0.20722
0.205198
0.117463
0.202506
0.200333
0.198148
0.195951
0.193741
0.19152
0.189286
0.18704
0.184782
0.170046
0.167685
0.16531
0.162922
0.16052
0.158104
0.167295
0.164914
0.16252
0.160112
0.128265
0.343252
0.341682
0.340105
0.33852
0.336928
0.335327
0.33372
0.332104
0.33048
0.3078
0.363457
0.361963
0.360462
0.358953
0.357437
0.355915
0.354384
0.352847
0.351302
0.254211
0.435794
0.434541
0.433283
0.432019
0.430749
0.429474
0.428193
0.426906
0.425614
0.424315
0.469801
0.468688
0.46757
0.466447
0.465319
0.464187
0.46305
0.461908
0.460761
0.410194
0.412621
0.415049
0.417476
0.419903
0.42233
0.424757
0.427184
0.429612
0.432039
0.434466
0.436893
0.43932
0.441748
0.444175
0.446602
0.449029
0.451456
0.453883
0.456311
0.458738
0.461165
0.463592
0.466019
0.468447
0.470874
0.473301
0.475728
0.478155
0.480583
0.48301
0.485437
0.487864
0.490291
0.492718
0.495146
0.497573
0.5
0.502427
0.504854
0.507282
0.509709
0.512136
0.514563
0.51699
0.519417
0.521845
0.524272
0.526699
0.529126
0.531553
0.533981
0.536408
0.538835
0.541262
0.543689
0.546117
0.548544
0.550971
0.553398
0.555825
0.558252
0.56068
0.563107
0.565534
0.567961
0.570388
0.572816
0.575243
0.57767
0.580097
0.582524
0.584951
0.587379
0.589806
0.592233
0.59466
0.597087
0.599515
0.601942
0.604369
0.606796
0.609223
0.61165
0.614078
0.616505
0.618932
0.621359
0.623786
0.626214
0.628641
0.631068
0.633495
0.635922
0.63835
0.640777
0.643204
0.645631
0.648058
0.650485
0.652913
0.65534
0.657767
0.660194
0.662621
0.665049
0.667476
0.669903
0.67233
0.674757
0.677184
0.679612
0.682039
0.684466
0.686893
0.68932
0.691748
0.694175
0.696602
0.699029
0.701456
0.703883
0.706311
0.708738
0.711165
0.713592
0.716019
0.718447
0.720874
0.723301
0.725728
0.728155
0.730583
0.73301
0.735437
0.737864
0.740291
0.742718
0.745146
0.747573
0.75
0.752427
0.754854
0.757282
0.759709
0.762136
0.764563
0.76699
0.769417
0.771845
0.774272
0.776699
0.779126
0.781553
0.783981
0.786408
0.788835
0.791262
0.793689
0.796117
0.798544
0.800971
0.803398
0.805825
0.808252
0.81068
0.813107
0.815534
0.817961
0.820388
0.822816
0.825243
0.82767
0.830097
0.832524
0.834951
0.837379
0.839806
0.842233
0.84466
0.847087
0.849515
0.851942
0.854369
0.856796
0.859223
0.86165
0.864078
0.866505
0.868932
0.871359
0.868932
0.869741
0.870010667
0.869561222
0.869770963
0.869780951
0.869704379
0.869752097
0.869745809
0.869734095
0.869744
0.869741301
0.869739799
0.8697417
0.869740934
0.869740811
0.869741148
0.869740964
0.869740974
0.869741029
0.869740989
0.869740998
0.869741005
0.869740997
0.869741
0.869741001
0.869740999
0.869741
0.869741
0.869741
0.869741
0.869741
0.869741
0.869741
0.869741
0.869741
0.869741
0.869741
0.869741
0.869741
0.869741
0.869741
0.869741
0.869741
0.869741
0.869741
0.869741
0.869741
0.869741
0.869741
0.869741
0.869741
